0 0.434072 0.495536 0.052509 0.055490
0 0.502917 0.513245 0.082847 0.057851
0 0.539090 0.524461 0.052509 0.044864
0 0.606184 0.553387 0.051342 0.062574
0 0.642940 0.587625 0.066511 0.062574
0 0.605018 0.628948 0.065344 0.055490
0 0.571179 0.590577 0.077013 0.066116
0 0.512252 0.572277 0.078180 0.064935
0 0.452742 0.549255 0.080513 0.061393
0 0.448658 0.604154 0.065344 0.060213
0 0.499417 0.619503 0.061844 0.057851
0 0.553676 0.662006 0.086348 0.069658
0 0.610268 0.683847 0.080513 0.075561
0 0.495916 0.674402 0.064177 0.047226
0 0.402567 0.577000 0.059510 0.050767
0 0.378063 0.529184 0.073512 0.054309
0 0.376896 0.473104 0.061844 0.053129
0 0.414236 0.427059 0.068845 0.053129
0 0.556009 0.486091 0.077013 0.081464
0 0.600933 0.500258 0.052509 0.062574
0 0.665694 0.533906 0.056009 0.061393
0 0.666861 0.491994 0.049008 0.046045
0 0.656943 0.430010 0.064177 0.042503
0 0.595099 0.447130 0.066511 0.057851
0 0.474912 0.400494 0.073512 0.051948
0 0.554259 0.376882 0.080513 0.070838
0 0.598016 0.397543 0.067678 0.062574
0 0.492999 0.349727 0.063011 0.054309
0 0.439323 0.368617 0.095683 0.061393
0 0.384481 0.400494 0.079347 0.051948
0 0.341890 0.450081 0.087515 0.056671
0 0.296383 0.488452 0.059510 0.062574
0 0.308051 0.536268 0.087515 0.061393
0 0.310968 0.582313 0.063011 0.054309
0 0.367561 0.617141 0.064177 0.064935
0 0.411319 0.640164 0.072345 0.075561
