0 0.509445 0.483711 0.136954 0.133412
0 0.550177 0.653723 0.154664 0.140496
0 0.713105 0.745222 0.171192 0.103896
0 0.851240 0.732235 0.090909 0.120425
0 0.858914 0.566946 0.129870 0.125148
0 0.771547 0.610629 0.122786 0.087367
0 0.693034 0.591149 0.107438 0.076741
0 0.607438 0.563404 0.125148 0.080283
0 0.644628 0.502011 0.123967 0.113341
0 0.727273 0.529756 0.116883 0.105077
0 0.787485 0.502011 0.093270 0.115702
0 0.697757 0.417005 0.102715 0.089728
0 0.606257 0.394573 0.087367 0.082645
0 0.505903 0.371550 0.122786 0.109799
0 0.601535 0.201539 0.136954 0.119244
0 0.494687 0.261161 0.093270 0.073200
0 0.417355 0.272377 0.096812 0.072019
0 0.357143 0.308386 0.134593 0.085006
0 0.293979 0.337902 0.116883 0.089728
0 0.215466 0.381586 0.061393 0.075561
0 0.194805 0.441798 0.123967 0.094451
0 0.145809 0.491385 0.132231 0.094451
0 0.100354 0.397524 0.116883 0.095632
0 0.145218 0.350889 0.095632 0.087367
0 0.181818 0.281822 0.107438 0.100354
0 0.265643 0.260570 0.067296 0.079103
0 0.335891 0.250535 0.061393 0.061393
0 0.382527 0.216296 0.081464 0.051948
0 0.461629 0.185010 0.088548 0.081464
0 0.504132 0.181468 0.081464 0.064935
