0 0.440968 0.417005 0.577922 0.417005 0.577922 0.550417 0.440968 0.550417
0 0.472845 0.583475 0.627509 0.583475 0.627509 0.723971 0.472845 0.723971
0 0.627509 0.693274 0.798701 0.693274 0.798701 0.797170 0.627509 0.797170
0 0.805785 0.672023 0.896694 0.672023 0.896694 0.792448 0.805785 0.792448
0 0.793979 0.504372 0.923849 0.504372 0.923849 0.629520 0.793979 0.629520
0 0.710153 0.566946 0.832940 0.566946 0.832940 0.654313 0.710153 0.654313
0 0.639315 0.552778 0.746753 0.552778 0.746753 0.629520 0.639315 0.629520
0 0.544864 0.523262 0.670012 0.523262 0.670012 0.603546 0.544864 0.603546
0 0.582645 0.445340 0.706612 0.445340 0.706612 0.558681 0.582645 0.558681
0 0.668831 0.477217 0.785714 0.477217 0.785714 0.582294 0.668831 0.582294
0 0.740850 0.444160 0.834120 0.444160 0.834120 0.559862 0.740850 0.559862
0 0.646399 0.372141 0.749115 0.372141 0.749115 0.461869 0.646399 0.461869
0 0.562574 0.353250 0.649941 0.353250 0.649941 0.435895 0.562574 0.435895
0 0.444510 0.316651 0.567296 0.316651 0.567296 0.426450 0.444510 0.426450
0 0.533058 0.141916 0.670012 0.141916 0.670012 0.261161 0.533058 0.261161
0 0.448052 0.224561 0.541322 0.224561 0.541322 0.297760 0.448052 0.297760
0 0.368949 0.236367 0.465762 0.236367 0.465762 0.308386 0.368949 0.308386
0 0.289847 0.265883 0.424439 0.265883 0.424439 0.350889 0.289847 0.350889
0 0.235537 0.293038 0.352420 0.293038 0.352420 0.382766 0.235537 0.382766
0 0.184770 0.343805 0.246163 0.343805 0.246163 0.419366 0.184770 0.419366
0 0.132822 0.394573 0.256789 0.394573 0.256789 0.489024 0.132822 0.489024
0 0.079693 0.444160 0.211924 0.444160 0.211924 0.538611 0.079693 0.538611
0 0.041913 0.349709 0.158796 0.349709 0.158796 0.445340 0.041913 0.445340
0 0.097403 0.307206 0.193034 0.307206 0.193034 0.394573 0.097403 0.394573
0 0.128099 0.231645 0.235537 0.231645 0.235537 0.331999 0.128099 0.331999
0 0.231995 0.221019 0.299292 0.221019 0.299292 0.300122 0.231995 0.300122
0 0.305195 0.219838 0.366588 0.219838 0.366588 0.281232 0.305195 0.281232
0 0.341795 0.190322 0.423259 0.190322 0.423259 0.242271 0.341795 0.242271
0 0.417355 0.144278 0.505903 0.144278 0.505903 0.225742 0.417355 0.225742
0 0.463400 0.149000 0.544864 0.149000 0.544864 0.213935 0.463400 0.213935
