0 0.407818 0.467791 0.460327 0.467791 0.460327 0.523281 0.407818 0.523281
0 0.461494 0.484320 0.544341 0.484320 0.544341 0.542171 0.461494 0.542171
0 0.512835 0.502029 0.565344 0.502029 0.565344 0.546893 0.512835 0.546893
0 0.580513 0.522100 0.631855 0.522100 0.631855 0.584674 0.580513 0.584674
0 0.609685 0.556339 0.676196 0.556339 0.676196 0.618912 0.609685 0.618912
0 0.572345 0.601203 0.637690 0.601203 0.637690 0.656693 0.572345 0.656693
0 0.532672 0.557519 0.609685 0.557519 0.609685 0.623635 0.532672 0.623635
0 0.473162 0.539810 0.551342 0.539810 0.551342 0.604745 0.473162 0.604745
0 0.412485 0.518558 0.492999 0.518558 0.492999 0.579951 0.412485 0.579951
0 0.415986 0.574048 0.481330 0.574048 0.481330 0.634261 0.415986 0.634261
0 0.468495 0.590577 0.530338 0.590577 0.530338 0.648428 0.468495 0.648428
0 0.510502 0.627177 0.596849 0.627177 0.596849 0.696834 0.510502 0.696834
0 0.570012 0.646067 0.650525 0.646067 0.650525 0.721628 0.570012 0.721628
0 0.463827 0.650790 0.528005 0.650790 0.528005 0.698015 0.463827 0.698015
0 0.372812 0.551616 0.432322 0.551616 0.432322 0.602383 0.372812 0.602383
0 0.341307 0.502029 0.414819 0.502029 0.414819 0.556339 0.341307 0.556339
0 0.345974 0.446539 0.407818 0.446539 0.407818 0.499668 0.345974 0.499668
0 0.379813 0.400494 0.448658 0.400494 0.448658 0.453623 0.379813 0.453623
0 0.517503 0.445359 0.594516 0.445359 0.594516 0.526823 0.517503 0.526823
0 0.574679 0.468971 0.627188 0.468971 0.627188 0.531545 0.574679 0.531545
0 0.637690 0.503210 0.693699 0.503210 0.693699 0.564603 0.637690 0.564603
0 0.642357 0.468971 0.691365 0.468971 0.691365 0.515016 0.642357 0.515016
0 0.624854 0.408759 0.689032 0.408759 0.689032 0.451262 0.624854 0.451262
0 0.561844 0.418204 0.628355 0.418204 0.628355 0.476055 0.561844 0.476055
0 0.438156 0.374520 0.511669 0.374520 0.511669 0.426468 0.438156 0.426468
0 0.514002 0.341463 0.594516 0.341463 0.594516 0.412301 0.514002 0.412301
0 0.564177 0.366256 0.631855 0.366256 0.631855 0.428830 0.564177 0.428830
0 0.461494 0.322572 0.524504 0.322572 0.524504 0.376882 0.461494 0.376882
0 0.391482 0.337921 0.487165 0.337921 0.487165 0.399314 0.391482 0.399314
0 0.344807 0.374520 0.424154 0.374520 0.424154 0.426468 0.344807 0.426468
0 0.298133 0.421746 0.385648 0.421746 0.385648 0.478416 0.298133 0.478416
0 0.266628 0.457165 0.326138 0.457165 0.326138 0.519739 0.266628 0.519739
0 0.264294 0.505571 0.351809 0.505571 0.351809 0.566964 0.264294 0.566964
0 0.279463 0.555158 0.342474 0.555158 0.342474 0.609467 0.279463 0.609467
0 0.335473 0.584674 0.399650 0.584674 0.399650 0.649609 0.335473 0.649609
0 0.375146 0.602383 0.447491 0.602383 0.447491 0.677944 0.375146 0.677944
